[Header],,,,,,,,,,,
IEMFileVersion,5,,,,,,,,,,
Date,01/30/19,,,,,,,,,,
Workflow,GenerateFASTQ,,,,,,,,,,
Application,HiSeq FASTQ Only,,,,,,,,,,
Instrument Type,HiSeq 3000/4000,,,,,,,,,,
Assay,SureSelect Mouse All Exon V1,,,,,,,,,,
Index Adapters,Agilent_Sure_SelectXT,,,,,,,,,,
Description,,,,,,,,,,,
Chemistry,Default,,,,,,,,,,
Backup_NAS_name,Praios,,,,,,,,,,
kind_of_run,2x101bp,,,,,,,,,,
Investigator,Friederike Opitz,,,,,,,,,,
Operator,Macrogen,,,,,,,,,,
[Reads],,,,,,,,,,,
101,,,,,,,,,,,
101,,,,,,,,,,,
,,,,,,,,,,,
[Settings],,,,,,,,,,,
ReverseComplement,0,,,,,,,,,,
Adapter,AGATCGGAAGAGCACACGTCTGAACTCCAGTCA,,,,,,,,,,
AdapterRead2,AGATCGGAAGAGCGTCGTGTAGGGAAAGAGTGT,,,,,,,,,,
,,,,,,,,,,,
[Data],,,,,,,,,,,
Lane,Sample_ID,Sample_Name,Sample_Plate,Sample_Well,I7_Index_ID,index,Sample_Project,Description,spike_entity_id,spike_entity_role,spike_ignore_sample
,320C,,,,,,Maus_Hauer,,320,healthy,
,320T,,,,,,Maus_Hauer,,320,tumor,
,321C,,,,,,Maus_Hauer,,321,healthy,
,321T,,,,,,Maus_Hauer,,321,tumor,
,322C,,,,,,Maus_Hauer,,322,healthy,
,322T,,,,,,Maus_Hauer,,322,tumor,
,326C,,,,,,Maus_Hauer,,326,healthy,
,326T,,,,,,Maus_Hauer,,326,tumor,
,327C,,,,,,Maus_Hauer,,327,healthy,
,327T,,,,,,Maus_Hauer,,327,tumor,
,328C,,,,,,Maus_Hauer,,328,healthy,
,328T,,,,,,Maus_Hauer,,328,tumor,
,329C,,,,,,Maus_Hauer,,329,healthy,
,329T,,,,,,Maus_Hauer,,329,tumor,
,331C,,,,,,Maus_Hauer,,331,healthy,
,331T,,,,,,Maus_Hauer,,331,tumor,
